23 148 724 853 918 575 415 181 289 887 385 737 379 691 950 146 320 183 938 221 458 843 418 253 
24 380 84 64 533 546 8 20 50 463 869 459 823 384 253 739 96 131 788 737 91 729 727 737 268 
25 421 938 191 682 347 957 669 354 158 405 191 837 210 71 683 607 952 238 555 942 397 161 788 601 420 
19 327 532 700 309 5 741 509 671 324 903 245 635 415 79 213 186 180 918 611 
23 4 571 190 862 265 349 827 953 636 750 651 143 768 31 721 335 561 410 171 208 513 94 353 
16 205 295 522 945 506 759 936 480 840 706 339 498 437 610 823 515 
19 452 233 867 137 682 174 876 675 444 134 112 902 671 134 378 88 755 519 41 
20 830 843 2 355 16 244 521 578 428 887 677 343 821 22 452 852 772 851 601 937 
19 501 256 379 609 518 406 532 369 443 134 858 216 480 162 153 877 422 311 79 
25 304 869 935 957 479 58 817 90 147 883 483 321 921 540 824 740 718 162 441 339 635 361 437 839 437 
11 754 858 194 162 471 766 685 32 622 559 889 
19 734 750 818 747 273 820 958 717 846 787 622 444 382 133 488 869 541 160 377 
24 460 797 769 17 136 191 708 546 175 104 229 767 843 641 149 925 705 243 126 361 296 913 447 778 
24 689 924 737 258 188 273 237 848 868 872 363 563 880 59 51 952 179 639 284 293 684 864 722 204 
22 97 636 396 759 516 515 289 765 693 395 948 227 440 810 179 783 782 750 446 865 675 402 
22 29 271 879 8 702 349 825 677 861 616 73 925 238 162 618 277 774 683 411 954 917 260 
21 820 303 672 356 13 643 137 223 637 162 65 216 375 475 490 68 196 900 21 20 638 
26 351 40 273 907 476 481 614 164 945 684 628 393 350 303 97 468 449 83 579 728 501 627 323 652 37 607 
20 437 496 66 548 836 707 215 580 721 674 281 84 122 417 468 913 138 569 728 821 
23 2 945 828 410 226 841 867 289 324 891 521 82 590 533 818 207 778 232 345 17 210 38 638 
22 353 179 957 545 192 152 716 109 319 840 158 740 93 700 219 301 153 34 17 37 345 269 
14 520 803 751 88 634 387 602 510 8 553 912 864 205 463 
21 467 109 580 69 189 167 546 463 254 824 952 365 420 743 170 334 340 795 371 117 296 
17 302 44 399 746 311 682 556 709 244 725 368 734 834 173 646 311 409 
19 919 44 302 530 39 632 391 287 314 99 480 147 399 262 413 241 391 585 411 
20 773 338 559 821 516 432 579 743 685 529 204 842 658 696 341 225 515 896 422 66 
17 435 125 478 713 390 159 207 33 155 920 381 279 699 471 813 624 861 
20 870 629 487 546 869 45 99 450 228 58 704 791 738 429 144 546 114 274 377 815 
30 802 16 770 504 960 415 262 132 484 721 610 124 615 818 471 142 807 468 536 358 350 838 184 537 681 790 487 501 413 757 
24 894 38 568 257 417 908 591 945 666 374 38 928 217 291 45 948 277 933 482 409 940 632 812 931 
23 80 180 611 310 464 495 76 280 356 942 704 804 674 776 889 323 5 390 168 616 330 96 631 
26 129 321 797 873 105 371 853 637 505 826 511 347 386 936 900 554 330 764 207 165 954 732 11 106 210 417 
19 470 422 625 745 124 733 607 844 301 27 740 173 123 144 457 44 451 591 655 
25 284 601 671 286 515 533 193 632 825 322 257 178 927 751 906 807 579 513 699 598 135 524 289 415 21 
23 526 303 509 286 659 77 397 886 104 197 511 882 240 484 446 503 561 322 826 423 671 317 169 
15 242 282 719 754 472 56 99 66 617 323 739 503 60 48 134 
20 112 923 848 564 561 532 535 346 933 196 868 224 210 489 856 930 269 21 18 90 
24 30 420 501 196 381 809 960 669 202 30 343 673 214 209 370 337 487 633 350 553 319 929 20 183 
18 25 675 476 879 367 67 281 572 132 79 97 138 933 557 881 707 773 628 
19 562 18 949 837 360 228 249 166 652 256 448 126 844 179 901 359 857 727 502 
19 893 253 712 281 128 446 130 679 609 289 376 894 533 171 300 518 133 641 7 
21 691 517 602 600 840 109 176 914 164 877 936 709 493 465 336 755 771 441 383 740 106 
22 794 438 442 266 551 753 913 648 409 820 58 211 269 546 73 531 93 861 756 641 888 570 
21 354 25 300 643 128 24 330 646 374 533 366 671 124 196 304 103 33 310 383 501 640 
15 905 494 253 731 541 270 28 58 248 30 677 222 500 381 617 
27 379 615 574 514 117 891 864 952 181 676 906 399 138 229 324 773 231 465 776 281 440 150 97 570 117 507 314 
22 769 480 760 957 306 478 538 439 384 312 238 623 531 177 955 475 853 780 908 473 202 430 
17 871 879 594 593 162 95 164 951 583 717 888 950 36 255 133 823 729 
16 114 372 94 793 186 573 864 646 292 484 511 916 854 536 489 782 
16 389 2 227 485 907 359 646 462 827 319 81 639 726 327 340 519 
24 469 306 546 640 353 320 713 787 638 350 243 674 950 350 286 201 67 138 122 14 230 557 686 585 
19 426 149 691 642 877 162 370 309 542 208 709 100 148 481 197 234 576 734 661 
20 234 585 154 208 493 367 640 862 323 170 218 61 272 918 386 887 760 272 71 678 
16 336 569 931 211 721 119 665 211 320 151 867 351 769 358 189 167 
25 559 644 201 343 465 689 688 513 188 482 86 660 689 230 513 142 104 184 195 140 534 884 782 248 913 
17 832 452 556 634 286 117 465 754 534 671 36 200 448 68 326 695 292 
19 812 64 882 784 116 414 133 175 203 671 135 908 621 134 282 580 922 749 507 
27 146 719 732 431 10 66 328 585 45 168 449 43 539 533 28 513 657 948 524 212 665 489 520 806 122 422 676 
17 141 173 531 204 215 750 815 705 249 433 407 601 14 585 767 409 728 
36 642 630 586 230 948 331 802 343 282 561 658 335 758 149 773 519 745 435 68 378 820 240 935 349 373 72 935 296 100 681 36 472 641 201 634 770 
17 425 722 590 190 796 277 656 339 269 731 743 53 543 89 760 632 326 
14 296 641 948 644 592 153 307 831 785 329 636 182 943 206 
16 78 873 955 303 558 753 801 77 916 930 362 691 457 448 542 96 
25 344 2 532 782 386 57 193 836 707 907 436 149 257 846 629 775 406 196 680 916 750 408 77 262 786 
16 168 920 587 465 17 675 284 706 605 406 208 886 729 70 172 836 
21 426 19 58 583 790 348 497 439 36 138 821 937 486 251 330 921 835 943 939 928 26 
26 595 775 806 475 617 192 214 283 175 194 695 191 39 68 306 217 51 416 218 574 456 152 397 94 607 677 
22 73 916 431 519 950 730 196 60 364 67 96 820 56 624 17 414 626 498 492 812 583 331 
12 449 23 751 490 441 317 205 263 689 906 820 379 
21 927 130 426 169 311 643 921 277 854 540 598 573 90 537 746 459 65 77 501 901 773 
19 885 856 572 202 879 256 712 375 3 798 567 915 778 278 319 161 53 224 926 
20 936 570 495 302 253 694 612 328 702 550 697 933 60 688 859 468 861 874 891 585 
21 836 68 749 696 527 536 742 109 430 566 16 884 694 43 102 352 458 119 705 582 800 
15 243 539 438 767 926 586 833 823 487 743 191 702 590 872 373 
23 259 790 731 225 612 720 430 763 917 876 925 216 342 532 677 534 328 543 76 749 423 931 823 
13 571 832 31 138 931 603 334 75 770 195 910 924 490 
17 389 486 353 742 713 551 856 35 63 750 135 91 109 871 304 70 64 
16 63 126 521 731 678 388 264 185 401 427 946 755 664 119 483 853 
18 142 372 714 546 763 4 151 39 112 774 344 9 930 899 732 761 346 217 
20 31 600 238 355 647 834 508 939 712 342 422 200 312 289 351 623 863 431 626 351 
16 539 846 793 762 284 50 900 645 879 956 448 572 531 355 688 704 
15 851 696 338 158 315 360 811 479 229 786 656 241 20 448 926 
25 746 336 790 958 865 720 189 614 275 718 543 891 812 781 632 18 137 757 168 569 204 347 854 323 707 
17 2 648 427 551 871 402 738 19 134 252 710 102 721 409 686 143 95 
13 499 895 488 840 213 894 459 722 116 530 381 921 763 
13 429 404 883 55 730 363 214 732 208 707 607 99 291 
17 707 864 143 624 300 252 917 784 897 444 746 622 935 480 340 490 134 
23 424 619 532 925 98 126 445 245 22 437 896 94 663 937 627 730 832 7 286 337 454 746 948 
9 897 571 411 928 61 776 246 201 607 
15 594 10 653 578 624 413 70 310 623 478 167 927 201 37 882 
24 706 657 99 352 937 225 648 501 952 710 747 298 721 448 303 367 2 77 326 187 844 741 534 666 
14 959 750 488 720 737 229 183 640 420 153 595 739 657 167 
22 163 562 333 726 860 828 548 734 404 553 153 873 21 493 320 867 922 43 757 388 763 615 
23 325 863 262 49 672 88 817 772 674 620 804 442 169 67 143 141 651 283 911 415 725 687 5 
23 597 811 591 831 853 854 519 167 306 187 760 410 857 48 273 517 960 954 890 546 84 434 552 
22 541 652 716 134 757 951 192 156 2 164 265 68 504 178 875 681 194 542 953 653 31 63 
25 492 15 491 837 253 363 401 663 441 215 734 18 806 808 690 465 825 737 891 39 352 46 372 693 322 
17 804 513 403 88 222 879 639 534 136 475 622 581 807 356 899 896 863 
27 493 712 157 842 91 568 344 28 768 36 613 193 726 687 788 631 25 838 456 431 86 707 862 309 457 553 840 
29 635 561 568 639 451 498 477 645 859 251 200 209 900 336 123 828 213 52 819 894 60 545 146 279 334 527 846 538 691 
20 820 428 546 678 474 911 556 773 209 735 499 189 329 478 645 954 766 589 463 298 
22 536 547 914 133 465 575 110 518 73 790 623 271 223 84 283 946 902 834 632 169 844 160 
20 822 386 755 422 321 119 158 265 148 565 708 930 630 322 850 44 162 180 206 670 
19 683 150 656 570 549 243 238 919 656 13 123 926 35 55 409 957 782 421 254 
13 196 32 781 529 620 307 902 541 826 682 354 269 602 
23 806 811 940 153 397 643 585 913 419 951 675 592 507 112 231 817 791 32 175 882 42 317 463 
22 519 179 531 498 421 137 317 674 447 433 833 486 863 720 813 790 221 237 774 637 272 117 
17 485 220 526 234 717 575 386 354 441 163 823 755 167 461 850 535 258 
20 691 258 23 182 42 686 21 73 824 345 621 592 384 613 77 333 701 732 249 657 
13 268 544 952 956 838 763 780 363 581 102 634 646 150 
19 799 161 150 594 408 642 313 317 155 662 294 213 609 333 605 939 605 153 685 
18 37 563 155 368 427 507 612 951 261 432 7 830 332 744 106 79 756 694 
25 721 661 432 134 561 260 157 564 185 194 947 245 490 257 372 406 919 592 356 611 204 183 303 299 399 
29 794 579 830 49 613 757 385 196 390 775 734 296 346 740 741 275 454 906 424 394 311 613 871 951 433 28 628 376 143 
17 905 330 506 239 854 601 707 698 630 763 421 613 507 155 591 894 216 
17 162 704 635 57 433 535 916 607 922 617 85 632 956 478 374 859 949 
22 459 954 751 850 46 948 56 190 499 518 823 445 430 450 452 228 476 107 783 46 23 834 
11 940 914 745 274 544 551 545 859 910 658 791 
22 601 536 553 185 873 142 224 54 103 958 728 164 290 178 786 73 893 504 662 487 78 448 
17 855 242 825 862 826 247 371 497 237 578 247 661 522 287 408 690 346 
14 271 369 806 455 827 365 904 565 512 932 633 712 237 778 
22 670 409 290 213 575 947 771 208 19 355 683 147 51 128 566 58 391 911 821 540 754 655 
25 414 654 627 189 538 513 705 104 356 100 497 319 395 214 492 622 662 33 777 942 322 652 569 590 156 
19 930 33 167 29 586 669 343 630 375 724 675 375 44 284 829 958 919 578 586 
14 503 27 500 134 472 711 544 863 755 579 942 544 202 880 
18 527 78 88 302 250 486 786 906 40 695 462 384 282 265 13 348 662 291 
15 534 145 441 187 317 503 367 597 901 458 313 333 742 733 229 
20 712 528 919 411 44 41 685 788 288 407 788 618 418 460 255 347 136 122 207 392 
14 32 497 729 754 811 652 448 856 372 592 751 555 767 946 
19 632 809 70 680 427 41 515 249 473 233 202 253 925 336 866 315 901 351 441 
26 605 316 320 759 167 801 518 916 154 373 401 474 783 585 169 2 623 663 162 405 925 811 494 534 233 599 
12 29 569 800 194 342 700 340 218 39 315 764 794 
16 589 882 155 655 102 57 167 468 669 888 226 348 12 41 406 48 
29 910 422 96 849 113 125 838 7 9 532 552 84 782 394 506 726 7 140 198 421 786 57 493 480 571 330 515 87 36 
23 246 307 330 287 811 650 679 450 880 146 742 568 780 703 165 57 390 77 34 955 584 162 271 
22 206 384 13 502 288 366 483 434 652 98 226 735 698 415 234 694 343 537 128 403 660 148 
14 593 814 17 7 514 518 107 696 251 83 743 367 304 887 
29 664 443 434 287 203 602 167 653 902 335 76 725 46 638 66 317 51 915 502 680 642 376 39 19 429 688 512 516 334 
24 316 181 326 692 654 158 349 870 743 359 368 678 793 557 247 313 929 235 388 238 740 162 813 201 
13 884 161 671 603 155 134 705 55 905 336 491 541 388 
19 59 464 451 418 855 780 941 295 630 843 680 94 580 451 835 146 713 205 382 
17 79 940 392 119 859 523 458 776 685 29 55 503 787 741 800 372 902 
19 260 474 409 890 957 87 411 611 944 881 869 451 248 94 383 5 349 84 114 
16 877 585 255 509 281 784 736 758 831 684 536 28 218 33 493 564 
22 127 687 616 666 789 732 757 793 524 361 794 766 727 894 954 567 600 530 401 244 608 811 
17 58 888 928 781 157 135 165 531 455 1 515 574 336 141 100 261 295 
19 10 197 431 670 183 553 762 364 518 122 815 25 752 213 252 698 366 922 217 
17 1 481 293 715 767 233 174 904 103 179 52 508 299 466 136 613 225 
17 453 52 272 959 60 253 64 561 517 318 13 489 676 207 576 705 508 
24 104 835 111 564 753 626 711 366 691 789 373 777 286 399 268 467 665 899 46 822 730 847 110 582 
19 480 606 680 518 223 54 79 355 609 397 692 527 203 543 303 202 738 879 299 
21 415 698 592 21 794 783 417 510 183 761 265 67 929 534 449 187 216 871 822 878 180 
29 583 564 568 906 742 951 62 738 106 926 785 831 572 241 646 93 92 880 847 290 9 749 648 661 21 591 617 853 111 
17 883 53 172 131 253 830 553 743 880 160 155 412 157 466 472 251 446 
27 263 234 918 112 711 915 861 644 111 279 133 222 140 540 535 307 707 27 799 453 115 154 738 401 757 666 481 
19 644 363 427 821 312 209 96 411 783 718 766 389 471 221 844 272 727 670 123 
17 703 99 323 146 275 113 607 244 828 196 707 230 720 154 631 271 173 
21 382 743 778 670 195 82 325 139 555 103 3 21 552 957 623 557 887 372 901 324 794 
20 430 492 946 703 278 511 27 907 418 161 328 347 186 537 900 943 586 430 699 805 
22 940 230 814 175 582 374 755 200 678 558 743 233 154 287 791 500 102 425 516 791 12 558 
20 354 140 258 375 111 783 360 769 695 849 871 690 254 159 514 3 612 705 355 71 
22 272 530 116 837 746 11 17 52 48 404 10 9 519 131 16 617 139 103 635 614 265 135 
23 448 93 546 293 748 203 799 586 704 632 315 300 944 751 108 881 562 599 174 374 616 890 688 
23 244 472 285 723 227 18 42 96 756 881 48 895 424 363 682 119 949 893 696 871 911 616 762 
26 868 717 584 274 351 836 285 248 146 307 135 799 606 287 32 848 199 806 342 308 339 322 803 464 397 407 
19 261 254 425 334 637 657 331 700 229 40 667 917 701 923 825 328 579 729 244 
29 801 762 131 23 456 404 138 783 124 95 237 884 133 507 767 770 652 343 108 252 722 582 371 90 183 608 664 92 54 
14 273 65 466 852 937 58 941 948 461 457 83 31 896 624 
20 357 70 914 486 953 471 330 562 927 131 790 866 94 274 847 102 764 849 797 35 
19 419 948 303 237 386 331 23 241 483 53 533 882 494 585 584 176 357 833 507 
14 494 466 193 203 858 185 344 41 5 836 684 960 473 467 
18 450 348 937 449 927 656 867 707 354 154 642 618 922 356 585 371 893 65 
19 888 417 59 730 885 664 585 271 591 33 915 755 390 24 692 747 664 157 717 
23 846 809 554 692 640 440 178 7 723 148 349 566 223 217 449 583 837 747 163 881 674 747 474 
20 535 160 443 857 67 13 57 456 521 623 286 811 949 885 887 804 106 785 268 619 
19 742 304 513 641 42 709 446 496 177 707 197 487 219 412 675 170 379 416 238 
12 180 664 334 657 641 333 176 725 47 588 488 664 
26 789 691 480 317 685 957 174 192 870 579 392 536 34 204 361 243 586 632 298 392 935 119 96 432 889 433 
22 21 787 107 437 535 536 193 262 148 40 216 15 495 14 225 677 897 599 814 180 202 483 
22 734 31 792 177 558 383 423 516 851 687 879 398 826 370 4 525 336 103 179 152 925 945 
19 617 474 539 779 139 905 187 510 1 372 46 278 289 405 248 559 860 946 535 
16 389 462 109 183 860 417 718 410 260 667 512 444 426 432 62 526 
27 705 542 752 878 863 552 331 182 604 92 648 332 647 147 750 152 668 590 1 915 113 167 535 934 796 38 617 
22 234 599 886 816 581 246 911 306 897 523 943 501 375 503 55 517 813 29 892 808 896 911 
21 338 357 119 682 362 513 245 817 696 263 218 113 326 284 555 452 468 78 171 831 428 
19 936 834 671 49 233 640 898 298 384 392 4 572 850 159 379 368 486 811 695 
24 279 648 127 947 929 629 181 950 358 594 811 95 434 836 91 608 234 298 627 790 152 513 193 208 
18 366 766 361 791 530 14 733 55 221 207 364 442 488 351 261 739 936 517 
16 23 696 123 804 83 588 314 470 372 201 101 192 618 442 54 335 
16 411 233 812 61 211 276 5 117 820 629 858 255 333 247 557 347 
17 13 212 244 642 262 67 3 213 350 757 3 858 544 74 874 613 957 
17 714 67 21 959 178 96 197 432 692 512 282 476 920 795 189 834 323 
17 719 359 64 34 171 195 691 564 179 653 99 245 614 758 766 744 187 
22 11 195 774 898 447 67 499 132 525 827 703 465 936 113 819 783 289 662 96 833 364 854 
25 524 585 657 194 668 383 158 193 213 812 539 788 842 804 316 744 589 529 55 541 76 416 863 914 465 
23 105 897 778 274 38 440 114 721 68 672 473 765 762 157 37 44 318 64 17 411 921 406 906 
24 279 486 255 938 842 604 803 147 192 685 35 418 874 427 657 176 536 52 576 742 245 350 892 705 
20 826 664 653 853 499 499 837 577 275 727 336 854 402 413 448 134 694 310 438 675 
25 369 875 349 483 478 948 338 837 637 344 413 165 753 291 826 223 594 249 902 429 373 586 448 788 581 
20 485 740 316 788 160 921 100 699 56 80 753 754 381 682 561 786 924 441 724 217 
23 232 55 608 790 530 51 460 212 614 311 907 189 259 315 809 511 898 663 60 90 814 89 139 
34 294 623 733 310 792 949 38 450 71 630 784 838 296 469 589 303 753 534 130 343 936 565 837 951 511 501 151 558 125 848 179 789 47 655 
24 477 138 484 593 171 163 491 436 449 742 469 214 57 934 495 600 660 351 151 312 367 361 633 506 
16 467 59 355 178 437 741 26 556 499 821 83 113 648 628 398 14 
18 563 6 851 353 892 259 246 837 777 489 306 856 69 458 436 271 22 141 
14 136 551 713 524 267 813 932 333 262 753 350 103 664 62 
17 294 355 762 673 775 908 734 188 746 711 27 231 32 149 20 263 128 
22 537 53 885 247 366 844 122 52 598 774 763 817 585 86 821 672 65 872 755 5 485 187 
27 886 933 689 228 280 548 156 521 414 100 101 800 780 400 883 363 429 38 642 626 392 346 541 819 847 413 551 
20 313 257 424 570 495 300 609 899 677 921 3 581 375 835 781 32 37 319 656 20 
19 340 448 54 960 190 277 696 839 404 54 43 461 521 447 637 324 924 423 945 
15 191 918 318 431 201 452 640 775 560 894 58 438 222 809 747 
21 308 122 502 506 758 195 85 191 738 4 250 100 687 926 407 111 854 147 779 258 671 
21 223 389 67 403 704 753 919 203 347 705 38 942 86 123 904 454 250 795 619 528 233 
20 386 493 555 19 431 59 533 348 282 97 720 527 252 303 233 386 832 516 952 231 
25 374 621 668 449 692 653 220 75 295 916 604 696 17 551 9 179 363 772 782 349 152 952 219 115 469 
33 878 905 575 408 283 577 267 605 493 30 542 561 894 380 321 624 174 67 929 614 465 864 328 674 699 537 147 200 906 490 280 79 767 
21 511 915 524 868 520 938 240 404 240 185 488 853 618 132 67 53 144 222 904 220 463 
16 396 301 533 873 727 883 21 285 801 176 343 271 604 397 867 216 
22 509 921 508 108 793 956 498 708 216 270 700 675 429 482 438 458 750 572 335 843 218 831 
19 255 287 407 623 850 297 188 739 572 455 823 630 156 107 1 830 237 647 895 
21 779 889 98 155 250 702 678 258 758 544 618 502 392 218 45 441 787 751 631 820 212 
21 666 214 17 736 306 635 630 941 151 174 803 290 602 373 102 199 919 292 484 682 622 
17 755 119 861 444 389 896 373 713 716 327 488 562 723 360 37 741 71 
30 755 635 574 75 659 91 494 306 900 598 306 26 179 371 510 509 910 823 530 513 358 439 231 899 845 345 699 631 148 293 
21 493 714 444 353 314 470 954 136 20 952 574 941 467 751 133 919 550 476 640 306 507 
17 469 492 768 164 228 383 50 419 15 852 695 242 653 401 432 534 631 
19 761 279 273 822 209 299 873 227 567 40 28 603 859 790 270 117 357 774 635 
20 429 369 737 330 716 765 92 439 166 436 13 46 82 349 291 537 541 829 345 127 
20 465 160 60 441 798 546 55 383 948 411 380 512 51 871 157 310 305 273 956 385 
20 846 915 436 615 278 851 207 567 46 783 106 639 251 772 954 506 743 498 225 215 
27 692 201 263 239 957 932 294 638 735 796 237 423 295 301 606 865 933 527 628 624 912 856 397 615 20 761 929 
29 418 691 7 425 880 190 874 531 912 917 381 148 186 413 839 697 130 410 374 536 160 885 215 455 918 417 131 214 517 
17 53 184 155 886 374 108 840 917 538 883 290 136 187 52 526 593 292 
20 605 313 585 559 768 747 471 896 502 730 481 901 139 546 242 384 720 920 669 721 
17 865 397 500 955 703 472 849 753 817 462 402 393 282 578 950 760 532 
26 440 383 915 14 491 318 893 170 232 120 167 439 753 500 501 718 458 485 406 107 121 418 921 221 817 590 
21 80 792 766 825 448 903 632 104 888 871 575 47 898 16 742 3 938 502 240 139 176 
16 343 507 808 232 115 562 931 593 934 468 780 882 935 838 775 601 
19 404 436 350 773 218 659 218 828 846 291 60 400 35 833 443 238 951 678 606 
26 441 292 608 660 619 375 562 296 471 922 769 153 170 715 303 443 285 82 724 644 403 293 25 436 361 528 
20 120 599 572 36 861 686 903 503 566 415 476 297 315 900 227 449 235 610 438 341 
17 74 949 944 849 104 760 51 542 178 413 656 430 702 388 13 656 674 
25 164 750 322 575 808 8 191 899 946 798 925 821 897 933 157 892 246 347 24 303 813 145 276 166 338 
16 88 572 185 4 827 193 620 113 386 570 697 391 197 359 617 608 
21 135 728 869 748 328 184 205 922 259 391 369 472 635 244 842 889 693 730 89 872 836 
23 318 333 957 120 208 482 120 696 608 576 811 916 922 934 742 190 738 139 285 493 460 887 876 
13 260 448 360 881 165 45 415 789 143 304 435 181 55 
22 587 646 298 613 888 782 543 664 834 130 40 344 533 59 427 683 688 109 199 442 758 758 
20 708 865 328 671 600 126 222 499 689 865 652 213 291 376 214 376 587 827 829 364 
17 791 620 709 595 945 100 137 347 558 66 329 571 368 231 154 455 432 
18 548 731 309 87 675 84 312 585 435 617 825 215 167 147 508 468 306 307 
24 309 532 45 866 72 97 675 641 41 2 149 397 418 717 154 742 130 807 673 468 604 470 1 612 
19 166 326 313 942 763 361 23 680 161 874 613 764 805 520 725 712 344 104 803 
20 221 727 582 197 144 530 417 533 356 450 670 190 919 128 489 802 824 48 766 421 
16 753 9 558 689 780 671 668 71 40 441 327 761 393 481 280 474 
21 364 210 30 34 585 374 794 505 901 951 662 530 64 739 113 621 573 389 642 453 947 
20 161 290 109 913 14 665 861 288 499 390 222 404 459 433 323 213 471 342 419 108 
19 75 425 454 607 205 429 537 735 246 719 626 590 201 461 752 419 573 396 937 
22 248 143 289 289 376 652 642 113 852 182 677 271 329 478 596 532 480 536 345 864 360 16 
21 166 599 399 269 952 537 481 112 364 804 293 579 188 597 828 623 751 796 146 716 768 
22 770 505 94 29 393 555 929 873 191 179 441 907 858 470 629 206 25 404 574 611 802 64 
22 155 417 545 770 232 643 542 805 483 185 939 637 581 69 287 390 326 376 332 455 327 207 
19 537 616 542 551 667 855 512 440 488 470 579 814 78 467 386 460 879 574 583 
24 704 769 690 445 914 274 5 783 484 103 96 585 737 473 563 152 277 950 855 517 337 126 307 162 
10 543 43 861 374 948 575 695 580 784 682 
18 483 710 358 739 217 740 806 522 626 647 206 864 847 347 901 391 911 519 
13 768 110 590 612 677 510 398 150 834 678 2 175 777 
26 261 863 360 831 846 502 440 487 417 537 43 61 688 462 530 910 630 548 454 599 827 105 37 817 21 576 
14 899 478 45 568 953 796 220 485 520 411 582 561 228 838 
28 16 691 324 778 924 924 490 121 479 396 714 537 173 736 627 547 623 813 260 515 102 565 517 219 205 336 157 135 
21 587 162 149 563 930 280 808 586 735 441 950 476 530 532 53 156 107 518 53 369 424 
25 228 168 419 18 839 731 14 620 292 888 511 785 542 359 803 687 12 489 338 95 944 393 948 230 368 
22 563 196 677 409 165 265 923 448 352 618 580 770 468 118 576 617 169 952 853 28 697 447 
24 809 658 554 519 488 846 83 344 157 198 560 900 360 498 351 114 424 441 806 644 578 767 463 787 
15 847 707 740 717 190 826 558 433 791 493 457 945 957 503 244 
17 440 211 517 342 721 70 61 648 30 265 371 16 284 844 738 676 442 
15 159 600 695 691 536 181 231 496 950 437 71 637 771 572 817 
15 612 228 187 197 645 155 573 310 27 455 301 438 100 645 418 
21 799 627 468 209 843 936 940 917 31 272 498 294 541 902 942 456 529 591 539 217 256 
31 364 885 352 929 144 893 725 572 41 437 485 19 39 339 787 521 648 374 376 361 640 489 899 800 911 889 46 750 778 463 572 
17 822 547 537 660 60 676 36 215 670 126 236 332 192 457 57 316 631 
21 724 67 217 412 367 716 754 348 667 723 858 598 606 499 783 795 687 102 94 906 380 
30 34 819 810 930 505 569 956 531 612 81 185 741 862 906 948 65 577 585 314 14 924 419 124 823 639 603 277 439 376 510 
21 487 164 891 434 940 302 748 925 165 591 404 319 678 219 379 534 830 398 241 247 330 
20 725 827 751 34 576 56 35 51 698 771 752 150 175 317 587 88 619 783 696 585 
23 323 513 138 921 221 135 604 516 884 711 25 263 678 532 165 332 120 887 160 675 414 428 902 
14 331 337 381 136 757 258 128 432 410 813 416 960 408 388 
24 437 260 260 668 491 499 1 15 361 41 20 778 181 873 713 562 34 478 423 892 194 80 342 411 
16 122 258 291 378 498 809 547 673 234 223 153 740 568 955 119 545 
17 913 290 780 570 380 854 631 30 543 240 250 199 229 86 906 126 728 
10 666 241 516 273 440 956 223 49 56 234 
18 505 686 163 336 148 897 819 661 631 652 261 846 581 241 655 14 924 225 
12 202 469 207 232 296 528 429 111 675 280 583 921 
20 582 885 953 554 6 564 831 568 553 232 216 815 141 766 710 930 872 726 836 146 
24 587 62 591 685 294 368 496 241 708 114 321 202 328 608 394 740 387 60 766 936 675 13 497 23 
9 628 221 756 242 635 667 715 575 909 
21 509 308 835 724 639 656 249 581 575 677 320 91 887 186 178 187 301 552 742 823 101 
15 770 845 724 228 555 447 919 678 425 665 356 148 113 151 547 
15 44 867 470 87 210 878 918 456 412 163 831 41 605 897 603 
21 711 219 416 937 959 339 575 232 33 444 21 298 279 899 754 468 533 798 811 663 336 
18 393 25 72 838 24 126 285 531 324 607 819 733 407 727 747 803 347 697 
22 17 63 35 170 766 18 638 307 91 202 241 742 244 867 215 395 650 931 869 151 639 113 
19 493 176 10 731 930 724 332 693 483 248 864 517 392 395 44 648 77 137 448 
15 908 598 578 771 460 849 958 899 929 399 730 230 647 375 932 
27 51 47 463 936 480 543 519 223 585 184 225 205 95 806 67 694 499 859 225 592 318 596 930 826 226 401 252 
19 549 135 510 614 675 681 105 775 356 62 165 303 155 666 430 265 429 449 252 
10 298 213 902 329 764 442 497 165 585 561 
11 253 4 315 252 848 52 360 760 378 942 99 
15 31 337 202 505 90 475 279 878 230 810 198 735 44 903 612 
22 673 959 322 817 70 410 323 835 24 435 820 713 376 546 201 852 854 733 114 9 24 782 
19 536 613 433 156 622 399 763 481 47 252 389 748 403 891 313 203 80 530 445 
29 235 210 544 642 254 111 843 384 501 741 821 937 773 404 739 384 729 884 127 139 605 344 782 312 781 549 795 712 926 
19 752 443 383 728 889 226 950 952 390 189 907 853 782 25 284 825 926 807 46 
17 459 413 309 82 660 163 739 841 242 201 847 764 130 340 745 132 727 
24 881 139 200 131 916 946 792 478 924 939 439 368 720 528 454 195 856 689 329 455 522 739 483 282 
20 178 111 517 69 127 107 799 138 410 286 388 524 386 106 762 693 687 35 437 695 
21 494 483 247 399 567 633 237 783 212 937 326 490 149 862 928 306 196 499 538 681 339 
23 453 912 729 456 327 762 466 50 21 415 468 285 123 811 859 346 681 505 570 71 682 210 38 
20 898 131 51 342 561 54 373 298 658 668 627 554 656 1 93 546 526 410 443 795 
13 32 404 726 103 10 217 742 296 517 456 511 532 505 
17 244 311 34 858 696 521 347 604 123 103 542 35 165 561 869 844 97 
18 287 594 157 311 629 423 532 849 890 950 327 53 36 31 258 18 192 83 
23 392 390 271 4 924 875 302 524 386 732 691 792 523 46 810 211 20 611 410 539 158 602 770 
14 656 94 888 832 158 456 478 725 939 772 658 376 930 935 
25 254 852 139 703 828 517 642 664 645 829 185 671 369 514 318 56 373 263 91 392 328 61 855 738 577 
22 4 649 939 319 950 400 323 224 678 516 479 50 458 519 256 550 263 495 922 419 516 791 
29 250 382 945 780 246 947 809 545 342 591 58 839 365 72 859 643 890 296 217 75 914 436 474 159 166 729 829 838 326 
23 422 393 829 861 308 335 373 576 726 330 583 260 101 251 316 347 62 941 668 919 563 862 861 
26 507 115 829 135 703 411 229 169 44 884 334 637 875 758 412 32 329 474 66 893 31 870 285 134 386 721 
22 959 891 288 342 613 493 493 60 745 166 183 825 170 640 878 560 409 658 375 676 390 68 
19 935 791 513 398 596 304 183 813 684 396 380 287 112 600 282 577 263 503 465 
27 480 93 247 841 571 848 949 393 373 383 580 659 177 588 190 454 536 109 206 831 111 547 581 556 763 127 354 
18 406 550 166 177 850 330 76 937 421 341 734 23 883 589 138 608 100 635 
17 60 504 515 594 819 138 329 507 487 952 795 557 5 784 220 852 189 
27 435 492 54 83 293 852 440 861 808 198 831 483 100 638 640 918 180 42 130 146 271 140 565 868 919 301 668 
22 523 310 832 288 788 716 565 690 912 615 455 446 398 38 411 265 895 88 421 466 402 898 
15 185 494 756 26 547 82 725 515 866 199 931 639 273 838 244 
21 583 408 395 301 496 281 6 61 431 854 600 353 10 547 397 165 892 318 345 343 650 
19 211 902 829 677 936 666 393 132 356 911 50 381 817 534 383 315 87 23 790 
20 439 647 678 597 840 408 554 729 564 682 658 448 26 619 698 334 581 757 878 242 
26 775 331 664 417 328 800 470 80 594 887 277 132 320 462 683 75 882 774 695 850 165 461 289 494 258 916 
22 239 60 55 397 38 538 583 936 8 655 124 550 611 898 202 167 136 759 219 527 339 484 
19 916 64 879 591 99 275 795 249 199 499 858 615 425 313 171 618 79 458 254 
20 652 594 645 826 827 890 904 804 109 385 653 416 891 450 229 20 260 21 339 225 
19 801 406 433 491 696 37 652 114 530 467 633 319 625 725 777 209 752 120 79 
30 757 845 843 397 470 478 404 541 735 852 564 829 3 214 32 409 385 251 817 322 244 430 267 190 329 159 128 748 83 302 
24 587 350 352 172 673 867 500 66 509 215 283 706 956 895 662 380 776 657 133 126 926 762 369 536 
27 824 479 823 199 754 772 16 825 5 139 472 522 174 572 829 824 743 889 229 60 705 541 678 143 216 936 799 
27 348 863 240 558 849 51 385 739 660 796 51 191 406 18 838 581 625 29 783 893 715 873 38 206 197 816 842 
25 647 18 763 463 420 769 165 460 275 507 443 654 724 568 188 54 449 203 493 723 390 80 130 80 658 
17 348 281 518 91 793 580 499 499 496 515 274 942 935 418 73 572 97 
20 21 858 77 491 51 205 226 554 410 515 440 581 755 339 726 899 718 622 641 5 
14 44 161 747 554 758 172 3 427 108 798 903 105 333 644 
21 407 947 747 8 889 80 207 605 204 397 570 465 657 460 901 122 151 81 406 161 678 
21 17 799 557 255 487 31 646 415 307 665 123 948 340 299 835 98 937 113 172 879 837 
12 364 185 169 858 648 228 487 479 420 708 738 170 
28 676 759 897 793 856 899 949 267 187 607 395 888 427 686 545 754 891 579 626 847 29 736 424 843 451 225 54 791 
20 193 850 489 50 846 727 924 273 913 139 776 40 443 380 941 628 869 245 454 781 
15 269 248 161 785 82 275 40 739 569 631 309 224 536 834 260 
20 864 679 188 254 782 289 145 178 883 818 281 884 796 701 10 434 203 13 495 241 
13 696 185 735 703 904 429 812 465 923 721 63 690 697 
25 156 97 568 673 674 712 422 753 804 110 370 86 457 14 209 164 216 725 940 418 765 433 656 702 549 
19 958 357 257 281 395 958 414 261 68 188 377 147 539 369 415 841 194 250 749 
17 611 678 935 642 328 874 920 23 557 121 429 680 452 674 429 485 408 
23 188 633 790 494 136 559 483 616 208 683 566 712 150 578 702 704 368 760 44 941 147 783 816 
23 502 633 548 605 283 752 53 39 127 91 522 749 570 137 480 757 203 742 711 713 439 552 400 
21 887 416 920 735 727 400 112 541 495 296 316 139 366 553 631 24 186 768 431 251 273 
20 411 199 229 121 475 891 9 655 246 858 326 918 839 364 835 951 469 771 272 348 
14 583 857 675 828 706 413 52 363 180 432 38 780 457 378 
20 950 32 471 695 695 120 499 740 530 225 954 702 824 277 167 582 908 172 23 957 
21 591 956 392 49 79 793 708 928 181 189 559 129 847 749 946 113 158 940 97 840 142 
25 588 333 958 491 131 224 320 150 393 510 697 733 329 853 532 476 326 223 608 60 199 868 74 648 407 
23 216 855 936 885 234 30 160 266 257 44 819 481 233 281 597 881 939 862 116 619 163 572 694 
23 572 718 161 900 439 930 764 241 535 383 17 564 184 71 124 210 124 331 808 628 718 305 850 
17 712 615 377 260 676 311 41 281 263 325 138 250 435 454 250 114 284 
11 376 856 449 878 364 412 571 706 953 28 12 
17 691 290 435 828 60 932 672 801 7 574 309 752 411 370 879 487 624 
17 490 46 9 937 1 465 747 285 593 501 691 186 776 535 69 176 578 
19 2 918 291 857 217 859 741 332 546 230 348 359 573 575 432 955 476 283 882 
25 645 535 618 38 567 288 773 580 233 456 468 908 798 630 846 579 435 200 861 391 340 27 45 85 573 
20 437 158 605 328 702 684 549 862 672 485 881 857 739 794 12 657 504 141 848 622 
22 237 180 498 195 314 650 227 647 333 849 771 408 375 230 468 459 143 816 472 42 44 340 
27 931 878 901 805 136 691 385 313 704 47 2 890 186 313 109 414 740 901 126 445 681 821 235 757 852 457 896 
19 815 498 384 454 621 733 114 840 350 574 1 471 345 347 959 646 547 842 230 
26 692 215 103 64 764 876 548 581 529 170 677 324 32 108 829 649 794 245 443 461 53 542 264 215 317 330 
20 503 799 520 538 622 577 720 789 947 602 401 22 917 564 296 821 679 406 710 601 
18 632 653 394 608 598 415 78 528 642 317 288 139 243 640 93 769 693 140 
26 450 908 77 182 50 214 615 573 948 628 224 725 913 611 819 156 789 683 257 667 832 391 312 669 846 568 
20 608 896 324 429 27 705 314 114 531 887 258 263 135 837 895 173 351 31 779 331 
25 857 675 915 507 644 510 907 246 25 913 588 825 417 860 523 389 381 632 839 396 267 245 25 122 466 
25 324 142 372 711 636 178 928 844 716 186 448 495 304 326 209 178 222 932 819 521 714 819 797 128 450 
26 302 814 416 549 444 262 333 329 400 340 18 763 504 373 647 802 942 493 734 788 236 749 273 256 489 732 
19 427 473 933 664 388 945 761 550 134 296 938 114 760 789 498 652 435 537 922 
18 960 576 364 931 525 339 358 893 15 908 959 123 304 543 846 504 303 850 
17 219 692 15 271 863 779 433 855 819 814 816 423 519 332 391 679 259 
30 771 236 428 347 399 444 775 566 343 355 106 446 653 915 253 35 703 843 151 67 232 3 339 501 165 219 826 837 399 789 
15 332 851 633 419 617 951 180 684 337 268 718 285 916 402 204 
21 318 552 851 261 862 397 312 24 857 745 46 587 305 625 150 25 437 572 397 886 113 
19 368 601 638 393 498 327 917 632 209 609 740 811 240 708 516 668 917 448 367 
19 765 550 97 828 544 771 946 387 131 818 910 78 145 547 155 227 306 655 672 
18 959 767 564 410 458 935 946 462 84 198 705 236 879 398 578 599 337 15 
17 859 735 98 586 214 931 854 791 887 571 948 312 241 540 572 136 770 
22 725 240 321 540 86 552 347 167 93 211 218 538 605 726 285 313 162 439 258 864 262 424 
9 577 3 653 598 942 836 181 919 131 
19 334 419 346 494 738 499 479 9 850 350 113 64 65 237 355 387 133 196 960 
19 355 742 794 221 932 302 128 513 737 747 59 831 213 847 932 709 165 452 373 
19 505 339 111 217 787 956 953 341 383 819 120 288 859 432 699 782 64 650 365 
24 122 143 663 844 274 461 43 595 934 347 831 938 869 897 104 331 59 656 84 30 550 536 938 24 
25 611 566 402 311 353 442 629 20 474 576 605 95 182 609 288 953 233 679 317 510 324 594 320 5 682 
24 369 190 128 143 330 423 644 419 721 89 156 230 270 337 620 378 196 783 289 839 16 556 25 550 
22 595 452 283 725 842 535 831 631 620 300 778 330 684 799 501 377 176 154 866 441 736 820 
29 960 315 524 494 370 722 901 474 797 430 233 814 699 198 533 199 90 932 811 243 686 831 750 937 556 25 864 29 209 
24 719 123 491 776 873 949 364 508 57 209 673 417 439 835 384 698 735 938 68 584 596 855 287 480 
25 842 152 29 663 1 242 648 356 388 4 451 465 699 576 319 136 248 558 560 34 697 94 364 589 767 
14 656 368 393 301 795 949 483 67 434 288 345 195 176 813 
23 263 742 173 30 342 255 719 829 642 746 182 414 269 152 773 19 391 526 503 918 233 32 601 
22 233 551 874 883 141 454 253 615 197 128 159 352 673 817 948 442 237 831 363 1 279 937 
24 406 273 651 812 752 569 411 398 573 170 633 725 227 106 691 614 826 284 575 923 259 327 947 258 
22 617 38 540 733 732 351 821 749 765 869 875 434 23 486 92 931 357 569 520 757 871 3 
19 3 107 649 602 846 740 777 439 115 559 334 134 454 337 104 557 836 762 255 
19 919 894 33 134 103 329 80 492 363 864 838 931 761 9 813 737 58 26 666 
19 448 543 859 561 853 180 411 496 653 323 232 396 627 289 75 211 35 849 492 
21 560 686 88 210 549 934 816 653 923 864 681 164 275 860 114 358 574 449 531 404 272 
27 566 61 259 166 233 911 560 459 609 864 299 735 733 447 673 761 539 472 532 344 704 676 861 662 577 558 160 
21 52 66 70 576 945 461 725 535 692 779 685 906 868 182 710 930 827 761 709 513 479 
22 394 156 546 112 453 499 130 84 780 952 358 354 718 639 249 197 824 852 78 636 653 712 
17 941 553 101 397 551 8 826 595 558 450 649 506 781 464 780 185 287 
24 459 229 86 390 259 457 741 705 294 362 711 209 365 220 876 28 199 138 553 365 307 906 466 621 
18 159 579 75 413 669 73 467 578 785 838 117 347 777 243 307 865 159 47 
20 458 507 594 490 68 58 215 509 147 212 516 440 339 958 695 783 99 555 368 80 
25 486 883 534 931 113 26 731 850 288 112 632 192 732 370 625 588 408 182 610 380 533 227 556 178 251 
27 462 346 877 312 552 925 627 116 624 396 276 803 743 544 936 877 107 584 59 258 462 114 563 691 845 363 178 
18 874 138 722 823 285 136 799 526 862 187 585 420 416 619 561 753 361 95 
19 336 27 710 765 378 60 311 851 920 381 248 252 376 831 394 829 846 778 946 
19 602 916 240 231 203 64 229 205 677 911 668 955 900 328 893 241 655 470 612 
21 289 639 382 901 19 179 779 88 281 509 204 6 278 744 399 828 10 879 560 317 10 
24 892 870 43 837 74 636 947 892 774 220 880 855 727 697 212 903 468 198 279 242 922 527 716 778 
28 341 571 934 630 857 375 669 47 229 316 786 503 66 414 237 517 404 421 893 478 499 525 284 225 763 667 367 640 
25 237 577 336 264 946 174 277 196 921 745 292 269 830 431 507 15 579 353 619 566 745 46 441 885 715 
24 557 241 127 230 69 545 837 97 852 256 262 272 108 571 275 10 42 222 440 200 412 599 925 130 
23 539 956 703 43 754 949 545 623 410 809 683 525 587 188 308 94 590 946 249 418 189 575 277 
18 138 314 175 730 9 843 351 652 359 241 682 386 520 708 240 695 320 495 
20 871 226 393 397 224 830 7 849 571 746 950 301 87 617 182 12 483 641 511 584 
16 891 808 894 88 909 265 587 545 117 384 715 608 674 960 833 312 
22 669 875 696 748 649 501 397 176 41 825 776 337 684 955 35 929 907 15 490 793 669 154 
19 557 722 598 611 574 194 299 777 674 425 107 550 457 211 522 547 955 13 274 
33 163 423 575 772 731 948 248 211 699 238 129 274 565 198 40 712 91 56 914 81 341 392 755 685 828 400 304 633 82 199 119 63 506 
23 941 517 216 937 69 715 172 789 203 58 377 888 718 18 942 174 351 152 648 242 424 675 307 
28 902 389 172 506 776 888 714 135 202 255 28 525 428 875 850 710 759 117 861 571 936 897 820 345 485 743 837 392 
18 141 544 100 525 950 415 704 882 143 938 625 805 957 452 141 358 33 680 
22 7 582 56 536 412 561 812 799 957 742 212 939 185 797 531 117 8 451 365 481 817 407 
16 319 149 427 487 638 610 864 707 736 692 155 503 566 257 952 673 
23 877 536 259 385 739 800 418 862 528 751 705 316 333 114 214 860 269 706 376 421 88 702 359 
24 910 946 941 692 121 337 722 923 146 221 638 465 940 233 316 279 263 614 595 524 251 724 709 886 
17 603 325 167 381 319 658 582 735 321 300 674 175 67 99 540 280 873 
22 951 554 568 673 429 505 447 363 846 507 168 686 779 459 276 33 282 370 99 63 820 384 
21 499 431 402 142 493 205 736 579 725 237 127 686 220 327 946 73 684 951 344 870 1 
16 527 759 315 429 117 2 425 926 85 258 383 457 70 743 578 664 
15 13 854 899 305 564 351 355 201 128 650 659 478 264 247 848 
14 926 915 711 549 761 426 409 211 546 168 386 259 342 108 
20 594 433 646 182 579 856 342 402 777 50 680 126 472 851 236 269 823 433 527 587 
18 2 306 351 598 772 23 512 724 894 779 872 275 22 101 106 490 281 218 
22 516 932 141 815 912 31 648 754 586 742 428 866 682 926 957 624 767 858 165 857 684 952 
27 624 848 230 55 745 65 56 355 102 525 557 194 415 362 97 217 379 46 719 455 42 495 587 737 332 195 811 
27 559 481 769 168 737 171 594 582 869 891 319 718 472 587 516 499 924 643 154 337 907 148 497 391 615 626 429 
15 23 495 204 769 526 430 791 226 346 593 150 264 469 855 171 
28 591 280 653 239 381 274 650 590 512 18 585 133 493 319 29 383 618 185 19 253 438 72 770 931 252 301 614 495 
22 51 294 227 584 884 922 602 203 627 593 883 607 202 629 639 550 683 369 467 653 216 749 
17 844 33 347 935 342 264 763 754 226 300 189 262 253 886 571 486 436 
20 931 753 603 522 615 371 169 476 11 235 241 29 385 836 156 903 27 258 939 836 
24 164 863 809 236 349 858 466 125 246 715 648 36 892 462 425 540 383 736 154 743 60 823 700 528 
13 394 679 619 602 130 630 196 265 568 815 47 562 171 
18 181 883 143 776 908 507 636 569 413 101 410 593 131 575 330 328 256 174 
20 707 67 663 773 659 369 477 628 880 98 838 655 772 17 494 310 47 816 620 748 
20 538 872 471 18 39 773 701 242 602 373 591 587 272 226 117 192 704 380 581 580 
10 203 570 100 475 811 883 501 737 546 492 
22 27 867 47 270 347 199 325 316 590 859 604 774 260 439 460 101 289 786 90 116 597 573 
22 874 704 695 349 10 769 654 271 406 82 617 801 744 782 327 795 817 754 357 590 426 947 
26 333 151 536 47 178 306 784 627 690 6 710 705 634 728 793 9 25 596 260 583 134 367 672 87 822 414 
19 466 686 148 856 261 740 18 312 562 235 374 825 601 52 519 916 256 452 155 
11 495 560 718 55 247 664 684 220 30 865 773 
23 318 909 267 701 795 494 199 796 136 263 366 10 416 336 304 170 444 820 913 316 78 179 728 
18 203 936 532 29 265 782 652 735 35 536 689 732 678 223 49 645 578 343 
22 200 597 108 682 50 756 878 639 281 875 270 932 382 856 237 915 731 553 450 702 365 208 
16 432 554 197 77 169 754 548 126 734 420 66 107 186 763 707 470 
20 285 28 937 453 879 356 269 550 753 335 74 727 176 38 667 357 786 119 29 378 
23 626 275 92 264 772 757 741 85 218 696 804 188 638 224 549 958 12 740 177 774 778 686 940 
26 685 941 903 740 493 359 205 664 635 950 794 273 846 775 606 149 281 255 58 758 537 37 944 393 689 49 
20 919 727 379 742 431 618 69 271 740 318 701 113 17 514 446 463 217 76 87 797 
15 97 853 824 353 289 900 414 346 237 203 373 776 905 676 140 
20 97 336 227 597 519 665 159 957 617 690 422 903 691 123 840 542 860 68 477 423 
29 304 99 226 828 215 331 331 489 911 217 53 458 544 468 549 614 502 393 276 42 93 351 144 790 134 247 510 525 513 
21 318 171 338 595 661 45 406 413 366 483 225 597 729 830 475 837 170 905 342 131 786 
22 467 482 72 368 31 956 210 701 680 781 889 203 539 392 179 465 655 327 618 361 468 443 
17 626 19 423 296 352 890 339 908 176 935 278 599 570 579 698 791 959 
16 532 129 711 639 936 731 120 66 630 123 308 639 880 621 466 296 
25 834 385 932 383 676 107 848 821 290 522 100 220 275 787 400 280 797 6 815 661 901 394 803 68 231 
31 458 85 916 198 198 427 352 289 406 194 812 352 371 117 258 753 592 250 306 344 535 536 101 884 204 904 466 283 318 549 439 
11 236 575 948 670 125 348 237 45 160 774 636 
23 9 38 900 556 313 446 91 960 960 184 237 477 412 18 379 397 721 44 699 202 70 29 788 
20 607 367 136 213 269 867 535 235 689 870 493 666 816 138 672 222 238 796 40 695 
21 387 125 777 687 242 127 605 648 439 142 184 923 36 35 417 453 562 521 276 332 772 
15 834 29 335 919 588 758 393 710 96 395 382 769 119 806 831 
21 676 408 293 262 801 920 32 284 257 692 874 457 310 790 799 839 319 626 610 321 557 
15 450 115 709 952 213 6 428 922 134 787 231 869 649 448 203 
31 330 431 239 391 617 776 112 515 474 521 878 615 825 916 860 351 440 335 167 534 106 457 115 530 681 626 226 46 170 701 57 
12 714 220 80 557 910 620 778 414 856 148 252 149 
14 220 298 4 144 676 35 759 431 867 437 348 655 225 690 
22 307 650 784 181 391 634 732 152 373 22 511 944 958 268 669 225 410 493 880 675 712 284 
19 584 881 218 959 159 273 543 32 321 510 35 201 835 202 841 771 49 730 444 
11 548 264 463 619 468 230 182 121 192 654 138 
24 610 98 176 287 859 185 332 55 557 123 583 55 58 407 34 766 671 225 601 426 187 927 5 493 
9 718 535 46 798 137 772 326 490 161 
22 530 34 507 335 338 352 850 802 15 130 797 353 782 790 698 768 271 146 26 813 6 134 
28 464 759 872 617 287 522 615 292 893 180 26 15 776 668 431 743 705 466 327 830 952 400 908 215 773 138 327 160 
23 800 42 616 449 595 326 317 856 277 321 679 439 149 95 866 184 625 304 527 265 271 188 233 
20 615 627 352 656 131 9 686 137 151 692 117 664 938 813 903 147 102 41 272 716 
18 275 107 492 522 533 306 569 68 95 60 396 162 327 481 7 50 267 868 
16 22 387 619 218 878 924 950 270 443 952 254 58 420 521 867 856 
18 677 8 843 78 507 796 209 211 322 175 281 20 586 503 392 715 520 725 
24 897 471 756 519 596 498 516 870 6 830 267 349 529 120 367 568 549 928 855 724 567 316 943 447 
13 337 634 696 856 588 142 184 324 661 789 642 391 582 
16 195 813 755 413 218 711 638 324 145 206 58 34 848 317 821 455 
17 844 711 788 736 395 465 194 450 451 442 954 853 615 180 768 439 493 
16 35 587 927 108 583 467 434 556 667 417 320 234 709 559 720 182 
20 459 126 950 825 73 544 749 232 215 950 772 517 151 462 343 438 924 878 703 100 
19 740 128 622 698 949 772 579 294 454 832 316 542 388 869 214 680 241 472 673 
15 546 105 665 711 386 813 861 522 26 806 195 613 280 809 762 
27 162 515 914 255 25 630 188 891 201 812 662 257 346 269 371 145 716 737 272 600 507 85 225 312 603 724 911 
24 917 107 59 735 233 731 302 577 284 681 390 632 146 846 43 452 81 47 939 744 707 552 790 424 
31 497 4 614 253 64 668 88 736 730 484 323 37 9 533 930 75 134 808 287 940 739 373 568 321 805 425 642 260 272 236 899 
26 2 812 745 34 519 255 215 927 219 532 58 44 680 413 249 638 885 676 772 170 41 20 432 603 301 678 
22 542 127 781 432 56 718 98 689 537 75 202 507 285 152 719 91 661 55 778 340 131 227 
19 381 175 514 375 426 179 37 412 502 155 116 499 795 699 845 379 108 183 181 
35 312 102 119 729 905 480 454 452 606 766 73 739 813 798 278 178 579 179 617 29 333 233 499 546 727 144 484 197 800 360 409 260 613 49 348 
23 264 208 885 282 261 849 259 271 269 821 534 763 813 70 770 600 136 217 159 229 489 29 394 
17 476 771 387 874 47 123 895 343 803 234 404 540 318 601 959 567 100 
19 442 694 181 81 609 74 749 58 783 852 195 495 755 425 364 324 801 280 810 
20 768 677 404 420 670 561 576 10 590 937 155 70 472 538 456 602 403 689 122 849 
24 96 917 839 928 368 797 45 347 624 918 105 723 663 943 349 195 280 229 741 209 549 859 12 140 
18 534 264 183 263 217 273 601 881 243 52 671 528 492 803 322 386 96 63 
17 266 423 306 249 83 511 291 861 75 692 395 61 767 151 920 603 704 
17 313 110 619 743 451 615 401 527 493 433 125 118 704 222 191 728 125 
18 263 687 944 21 708 442 328 623 441 445 358 557 634 118 823 877 100 290 
26 712 163 529 2 51 427 28 101 23 609 13 79 639 230 43 461 311 380 536 855 320 923 28 235 95 477 
18 338 102 282 899 817 290 627 271 895 841 339 401 333 652 648 385 447 299 
17 512 795 252 209 386 19 93 583 367 906 486 729 902 738 269 844 634 
19 307 816 461 393 424 382 104 575 615 493 617 522 680 488 499 313 541 363 852 
21 905 334 938 752 401 941 72 487 562 394 447 941 343 832 226 469 638 409 327 693 411 
20 418 812 264 848 428 206 667 43 861 806 77 84 681 216 565 860 118 806 792 209 
14 788 399 834 183 404 433 691 134 158 298 915 531 95 367 
20 428 119 912 783 295 93 147 634 563 639 368 22 154 942 753 485 38 429 99 916 
20 880 275 486 174 354 457 295 959 588 353 869 341 693 32 754 320 648 609 938 621 
19 744 569 876 215 573 299 262 613 158 561 785 873 185 3 864 431 675 129 615 
22 898 56 501 788 780 717 742 101 24 947 916 661 204 526 768 573 413 333 826 432 411 925 
22 447 441 356 676 508 846 513 465 698 791 365 545 158 190 139 51 692 39 335 421 505 616 
19 559 180 256 63 350 428 276 160 776 784 789 782 251 415 202 425 776 160 918 
22 466 55 558 824 944 26 235 736 606 366 823 718 372 755 921 700 421 11 526 181 563 840 
13 424 733 769 425 482 275 331 212 595 415 886 437 567 
25 874 100 423 452 113 60 37 320 217 710 555 540 608 837 149 270 749 200 434 35 757 819 308 5 322 
17 616 93 40 239 241 619 169 481 550 680 831 224 163 713 289 503 473 
12 112 274 205 825 272 553 14 265 575 433 329 559 
22 774 816 153 402 150 630 295 37 347 614 858 113 193 460 341 728 387 375 926 954 950 144 
19 872 822 898 337 951 448 103 841 551 787 121 271 782 202 707 936 336 800 828 
17 425 410 705 397 242 890 366 73 174 723 630 692 808 440 453 840 122 
13 318 381 228 629 231 823 145 699 71 609 522 538 560 
26 946 30 153 788 100 854 363 99 457 777 295 270 663 645 135 907 903 858 735 351 532 522 290 473 651 389 
21 555 749 54 419 132 749 474 519 284 360 739 83 751 19 763 420 869 665 123 800 936 
19 72 747 858 291 477 104 355 210 870 703 776 245 367 574 319 496 46 43 893 
19 830 76 602 439 909 633 89 333 5 444 572 441 403 853 450 377 251 134 470 
25 375 242 686 71 245 882 281 39 349 153 571 221 810 782 186 81 870 220 399 403 352 278 839 281 374 
26 781 672 389 555 279 772 419 815 49 671 784 70 257 767 556 380 866 730 792 720 706 381 478 716 629 259 
24 447 225 806 46 748 697 804 582 385 226 729 853 600 67 683 748 570 424 146 758 378 701 262 264 
22 448 244 500 217 1 122 298 549 837 102 301 238 108 266 474 563 674 380 654 419 297 442 
20 395 919 286 426 708 650 646 410 540 247 415 329 274 149 197 52 848 696 767 269 
15 684 440 387 693 217 198 531 405 612 284 821 633 332 425 326 
18 8 305 90 622 120 430 366 656 949 236 733 275 459 761 402 379 124 484 
29 114 769 677 658 815 638 528 430 462 178 26 536 264 358 440 34 381 18 458 261 840 755 125 496 166 891 819 656 797 
18 23 955 352 381 636 19 274 840 333 913 266 141 784 817 57 880 862 476 
23 717 828 184 386 298 945 808 263 110 98 350 353 210 293 341 655 333 915 617 679 652 199 476 
19 452 295 255 793 612 466 926 908 160 574 456 847 270 167 371 585 73 523 150 
22 370 339 153 771 548 526 66 343 513 329 928 888 174 773 48 294 480 712 785 68 901 264 
17 511 599 165 469 902 908 433 631 788 901 414 692 135 170 776 615 444 
28 144 235 195 53 257 306 58 793 943 106 173 265 131 434 468 733 252 59 208 284 308 172 170 286 25 582 51 72 
20 761 604 60 403 828 163 730 752 124 74 464 272 178 648 710 521 159 199 124 697 
20 272 249 348 597 296 646 526 65 445 442 466 399 924 286 476 911 465 250 462 850 
15 373 554 189 523 652 949 785 504 939 333 391 432 177 939 673 
16 133 764 696 690 619 920 202 920 195 658 823 101 930 893 415 334 
22 643 929 61 268 478 823 886 540 468 259 634 183 442 949 20 479 74 782 631 777 123 237 
24 372 468 296 655 95 841 30 344 902 328 285 795 733 784 173 910 476 153 115 731 33 280 623 712 
12 152 62 631 640 499 109 625 106 129 306 113 722 
19 832 137 713 767 203 754 474 239 48 638 469 707 716 467 379 630 234 760 721 
20 431 462 323 732 90 111 345 466 48 342 187 335 813 849 768 798 826 658 199 410 
21 67 494 517 412 634 251 428 599 409 741 835 720 92 560 753 869 840 455 873 877 707 
16 695 687 522 655 878 928 332 674 703 260 480 634 922 414 306 928 
19 95 836 485 587 773 492 341 628 494 127 909 689 374 918 948 261 808 921 478 
18 447 875 305 463 926 630 864 388 405 70 914 614 225 34 208 283 680 671 
21 261 242 184 584 759 758 595 821 878 496 820 789 163 707 179 269 760 402 441 131 824 
18 80 250 42 711 278 832 845 928 781 574 203 922 867 145 339 537 332 530 
25 119 34 756 702 400 115 787 659 542 781 804 481 59 239 760 889 538 844 513 8 3 911 387 417 958 
17 571 436 42 623 138 421 886 473 387 469 476 22 223 910 540 105 324 
23 471 959 456 699 885 140 228 76 847 636 681 714 672 837 702 892 638 533 543 284 825 530 300 
18 586 636 691 810 287 197 738 631 183 216 921 478 836 322 619 253 219 857 
19 131 235 382 789 355 367 217 503 410 404 736 811 313 65 877 111 300 815 111 
10 536 559 644 151 232 165 489 283 826 240 
22 868 502 824 668 259 358 33 854 302 635 157 469 116 619 3 86 681 910 67 722 18 89 
20 390 201 241 627 954 561 388 247 789 664 296 187 445 373 900 245 145 167 334 621 
23 897 539 9 546 425 41 410 920 652 864 772 210 400 151 554 111 799 567 644 877 818 817 830 
17 513 627 745 659 29 751 666 453 891 940 6 658 807 432 242 505 664 
18 410 365 31 447 744 143 661 389 343 753 113 324 862 262 788 4 947 840 
22 279 75 774 112 582 72 840 284 904 268 947 577 940 642 161 866 814 310 436 824 948 253 
23 627 312 331 114 249 555 790 706 897 99 667 814 109 733 254 114 115 660 191 529 741 536 148 
21 946 681 532 307 959 83 564 18 217 193 201 493 598 419 684 455 741 817 689 162 468 
27 376 518 389 46 892 471 544 869 516 507 231 549 29 337 880 418 736 525 714 344 760 555 232 746 584 466 93 
21 264 562 517 145 895 366 886 871 16 952 886 937 748 867 31 767 164 911 163 872 557 
27 181 420 792 67 507 873 492 516 907 819 398 536 479 36 802 116 797 444 549 252 274 153 162 581 245 45 183 
21 857 800 381 490 925 274 218 128 863 222 468 786 770 172 713 714 344 16 189 795 495 
24 748 88 544 520 241 473 562 783 895 589 512 434 607 440 622 341 861 604 214 843 286 374 724 175 
18 251 105 627 273 508 937 723 902 94 412 245 874 956 908 411 475 656 642 
18 216 907 911 717 780 385 708 109 639 953 257 645 57 554 927 497 608 429 
23 885 528 949 387 312 886 793 882 748 578 709 98 123 849 619 12 11 796 87 353 627 223 382 
23 202 655 602 883 442 545 221 721 912 271 131 47 175 948 102 90 158 261 80 891 702 591 820 
25 757 465 877 876 87 541 433 780 921 217 666 676 90 657 733 68 232 464 917 930 168 703 811 27 378 
16 792 901 33 787 861 687 592 350 399 451 346 517 432 640 925 956 
19 496 488 856 150 267 259 358 708 769 209 505 669 68 700 656 507 949 466 80 
24 613 610 280 518 123 737 620 608 906 480 953 433 937 469 547 271 88 320 187 18 423 622 934 844 
14 297 597 389 475 18 232 700 795 359 114 375 204 653 39 
16 28 639 796 187 323 410 802 190 567 903 469 890 64 262 573 789 
29 60 439 564 530 598 202 223 928 141 652 115 473 497 566 381 759 755 815 124 221 756 868 269 103 593 905 804 942 794 
23 848 836 897 604 691 592 646 943 412 291 360 293 99 584 368 222 911 590 157 31 225 227 282 
23 130 388 700 34 238 25 724 163 432 531 400 83 782 178 391 957 116 943 102 645 30 61 657 
17 367 366 571 707 398 318 715 419 346 704 121 577 38 862 785 448 203 
20 662 523 678 919 662 595 56 510 22 911 882 480 553 590 545 831 596 110 548 60 
19 100 225 116 223 883 607 4 489 953 864 246 706 297 228 844 10 843 162 334 
17 15 604 474 438 580 644 392 697 5 868 603 669 427 665 62 500 887 
17 656 661 166 686 32 958 17 263 754 809 330 199 812 211 936 107 278 
21 721 232 579 524 51 648 400 593 783 453 303 138 488 533 336 455 744 550 603 17 20 
25 437 298 629 100 694 939 924 497 546 485 98 714 338 621 427 689 553 50 469 231 14 497 284 303 926 
24 51 174 921 933 186 717 53 592 331 865 730 92 212 336 281 625 787 226 388 784 44 656 795 439 
17 62 868 176 253 177 791 13 813 845 717 60 43 832 643 41 353 444 
25 60 850 313 760 750 111 926 52 260 326 365 930 191 417 897 172 523 209 138 257 532 388 612 667 620 
14 590 17 829 263 44 70 106 958 328 875 846 466 737 641 
12 156 55 62 391 155 411 606 636 275 609 241 354 
18 756 381 677 345 279 326 100 568 818 81 876 621 820 794 101 632 484 279 
20 462 587 249 847 576 631 44 356 50 846 153 49 881 756 699 385 24 110 853 775 
17 341 351 740 80 383 948 915 890 183 915 267 393 785 700 305 221 919 
23 933 187 84 91 464 43 638 503 415 811 183 472 277 586 281 357 554 153 449 304 204 547 373 
8 327 421 446 428 386 785 872 506 
20 697 699 862 764 510 383 135 576 872 468 732 894 460 654 740 303 776 901 339 408 
11 746 419 925 820 739 670 883 652 5 94 568 
25 96 345 260 129 588 136 346 40 630 484 609 443 293 250 651 768 935 697 167 123 547 394 955 18 581 
28 198 754 388 423 922 671 90 216 468 138 397 780 738 193 699 424 909 345 405 732 710 733 684 227 96 427 469 628 
10 123 673 479 139 351 746 713 650 512 575 
21 623 591 935 596 133 663 719 369 343 475 676 509 581 495 293 401 33 865 436 122 202 
29 637 416 325 893 104 518 298 172 863 703 104 724 61 827 578 82 320 243 409 744 709 243 626 620 210 579 363 873 640 
16 91 195 166 177 830 355 896 58 624 197 348 109 382 92 751 632 
19 275 579 661 945 791 60 765 456 947 320 594 341 26 325 331 610 589 118 351 
11 225 475 610 240 601 35 797 333 751 460 867 
13 282 241 315 350 55 857 842 203 613 800 671 680 136 
18 494 637 658 113 669 893 923 611 293 120 556 523 913 153 498 534 869 52 
13 634 634 111 530 257 755 348 123 747 194 425 126 119 
18 741 738 770 925 409 475 415 568 655 770 97 88 541 736 131 201 845 301 
30 138 198 915 342 680 177 913 394 903 897 326 173 837 723 249 489 482 518 608 677 864 833 459 610 78 206 177 173 828 167 
13 492 258 529 54 299 356 752 58 724 150 636 569 699 
21 292 223 687 850 145 30 340 818 610 624 921 502 802 307 698 950 863 155 825 91 422 
17 738 264 551 833 781 166 888 613 283 297 182 389 487 526 866 642 439 
19 532 216 289 195 607 765 877 953 866 516 256 320 183 436 792 400 329 839 336 
19 446 900 844 661 38 439 430 3 124 133 636 796 626 510 389 718 446 771 235 
15 122 819 500 158 861 540 255 796 147 651 282 872 806 156 103 
27 140 34 250 4 186 653 256 56 911 573 704 326 745 738 57 7 542 44 863 859 513 660 886 213 35 688 598 
18 17 573 94 754 677 196 677 382 856 378 603 502 753 903 208 480 920 401 
21 311 800 348 815 654 207 363 896 879 414 457 290 38 425 686 418 688 253 588 528 453 
23 833 954 363 51 19 447 94 107 596 870 456 865 870 947 217 575 31 445 830 760 174 243 365 
29 391 370 307 839 253 39 7 252 294 700 220 808 106 929 65 124 844 830 287 555 680 176 449 905 841 296 510 15 198 
22 505 789 840 358 509 498 557 376 924 282 46 765 624 149 655 491 533 425 331 868 277 58 
28 521 645 579 540 695 711 678 340 274 16 298 672 386 8 436 672 75 260 664 210 784 268 179 45 800 755 67 717 
24 634 365 341 677 101 299 787 869 160 78 222 287 285 327 139 682 349 240 484 268 533 355 53 823 
16 763 361 473 135 686 41 704 517 690 410 772 799 387 918 581 396 
23 664 130 821 151 495 533 562 462 254 771 138 756 141 549 365 64 675 713 451 660 598 528 960 
18 614 307 941 682 551 531 603 424 319 384 60 607 96 826 808 318 507 29 
25 485 868 185 7 897 681 683 3 24 862 341 958 164 105 443 200 464 678 888 709 319 223 410 777 266 
23 104 950 682 893 366 766 442 342 893 935 838 852 804 839 574 389 122 3 249 469 757 16 794 
19 577 919 382 18 801 482 332 398 446 412 144 861 653 458 614 926 14 464 171 
22 704 489 296 178 817 128 960 197 142 426 26 908 697 930 786 11 448 867 746 790 721 111 
18 424 293 572 481 637 242 109 518 679 358 673 457 413 458 902 84 51 488 
18 596 545 145 761 666 503 180 625 273 99 213 797 768 283 764 891 94 317 
19 929 768 810 886 55 712 737 791 708 269 673 72 81 249 710 729 138 671 163 
22 714 209 14 932 256 55 886 534 55 250 877 502 639 69 597 484 316 921 614 489 923 540 
15 810 265 905 492 480 589 903 337 679 97 958 161 120 362 509 
24 42 233 271 109 178 52 378 384 604 631 846 552 193 278 765 324 150 492 1 419 379 63 433 100 
27 232 386 396 174 864 139 216 717 455 706 518 426 505 719 754 566 192 746 543 151 753 453 748 557 584 173 746 
17 577 907 881 554 830 15 304 717 861 246 949 866 889 550 317 97 388 
9 539 639 72 306 73 136 198 112 374 
25 808 596 479 677 278 913 371 67 371 161 867 720 266 830 126 777 342 431 227 443 828 56 186 502 317 
21 523 362 446 82 189 73 211 185 589 322 346 247 488 137 216 26 164 948 286 820 576 
17 650 574 856 233 636 72 373 685 652 245 438 897 415 274 302 362 586 
19 152 700 528 782 115 557 286 136 515 713 768 414 666 341 147 496 855 731 918 
24 650 949 448 603 943 736 413 653 200 415 34 217 567 646 27 867 408 535 501 707 159 665 225 753 
21 4 632 698 899 166 750 947 729 132 819 924 220 675 21 628 559 735 850 647 626 472 
14 483 945 771 857 476 495 490 166 109 842 574 361 954 507 
16 16 601 382 222 721 72 366 243 74 827 371 603 454 623 485 363 
24 157 824 442 330 808 159 326 845 826 750 236 362 803 656 194 135 844 596 397 570 855 624 781 527 
27 720 265 685 479 740 116 384 782 214 163 679 819 802 451 28 930 671 31 366 544 633 957 425 81 861 476 543 
24 183 856 812 390 566 779 480 123 429 59 402 454 862 214 516 714 140 349 849 13 149 161 73 197 
16 91 370 903 799 692 776 613 6 348 852 635 65 377 454 573 746 
33 87 817 276 475 633 19 64 779 846 172 115 836 782 726 768 155 818 593 453 176 157 86 599 565 730 99 39 486 699 531 595 754 83 
20 250 887 13 576 545 372 220 621 296 923 103 868 626 688 796 806 400 443 357 806 
17 506 905 251 913 176 24 622 42 52 851 682 751 407 526 656 426 455 
18 267 952 435 785 879 561 480 91 295 450 504 653 84 426 586 688 946 387 
21 301 525 497 155 392 461 929 677 827 926 524 529 600 150 429 287 207 125 837 909 367 
18 546 376 128 99 80 363 41 688 366 448 71 121 583 313 254 510 427 591 
20 869 593 27 925 77 828 51 224 206 311 832 698 654 562 618 289 815 680 141 367 
18 508 689 784 795 192 226 450 79 271 639 848 603 705 615 758 618 392 738 
17 941 793 720 449 148 633 757 472 241 445 787 350 297 521 793 794 440 
18 950 96 933 21 337 229 936 283 758 224 819 392 593 530 518 573 261 438 
25 581 758 165 621 809 276 556 812 692 640 846 799 905 108 693 253 12 861 774 736 48 641 916 677 173 
21 514 375 808 83 482 936 534 182 927 466 156 10 427 559 449 237 398 353 375 669 795 
15 58 414 737 822 193 417 655 36 259 692 780 465 534 936 938 
25 704 954 939 883 834 715 83 92 75 950 387 805 847 316 786 695 215 595 905 107 157 526 573 235 807 
23 113 896 638 54 411 29 623 277 196 19 702 752 91 84 758 5 362 501 593 330 930 685 235 
14 919 826 447 855 434 61 413 455 85 167 607 767 592 14 
14 164 174 664 936 620 566 541 828 283 875 351 224 800 951 
18 299 283 1 298 304 656 632 783 463 351 124 241 522 665 200 619 530 455 
20 404 286 281 338 426 412 389 419 138 325 458 835 363 346 24 177 894 94 254 521 
14 93 771 321 404 707 99 833 295 329 134 50 353 801 943 
22 255 490 368 945 198 359 767 760 912 219 145 302 902 487 438 536 40 2 821 156 866 315 
18 246 743 769 314 803 914 790 564 119 935 480 18 544 729 291 19 59 483 
20 536 782 129 319 908 341 700 548 574 494 825 313 728 2 328 688 65 851 166 48 
21 532 443 932 173 764 586 68 888 235 640 86 88 305 852 806 573 707 246 150 936 511 
18 448 75 304 45 273 531 252 78 497 432 804 829 61 884 591 485 908 698 
17 58 594 846 420 145 510 324 650 432 653 32 86 109 484 393 79 958 
18 560 202 420 734 188 33 385 302 591 425 373 585 624 311 613 653 578 127 
17 180 871 733 12 93 825 207 779 114 811 486 822 97 393 334 24 52 
23 403 368 362 531 232 916 347 908 259 425 456 817 136 101 779 272 568 484 414 700 768 310 834 
17 532 525 223 144 559 699 271 755 458 615 605 358 663 453 717 472 412 
24 719 14 229 466 949 627 92 743 688 790 1 265 407 2 807 97 477 822 530 465 2 422 786 643 
23 663 667 406 604 153 765 755 653 84 213 671 28 948 548 844 247 155 357 151 714 277 326 755 
22 536 454 267 785 221 651 2 360 350 315 313 898 569 257 532 958 382 36 92 188 316 920 
36 200 528 276 935 704 647 489 267 481 851 10 771 421 114 922 920 371 490 864 21 384 747 33 400 296 290 762 761 866 650 139 42 756 488 871 878 
19 663 4 873 313 488 960 429 771 114 204 380 595 284 142 91 541 614 613 224 
27 417 176 407 490 77 153 934 890 73 556 838 203 135 321 452 253 763 464 238 247 303 197 880 298 827 367 127 
25 158 728 878 544 948 905 737 26 139 433 23 923 516 160 349 896 74 154 137 61 459 472 231 450 810 
11 555 611 479 195 112 437 638 531 656 193 811 
18 610 533 33 440 331 465 909 822 778 60 399 118 671 893 440 888 873 315 
23 83 651 779 162 24 417 947 882 207 444 895 692 654 87 70 821 806 615 685 88 706 928 692 
18 763 355 570 354 235 12 91 841 740 407 379 957 302 662 174 212 173 174 
18 932 619 246 446 574 163 749 622 285 932 574 312 692 616 928 347 475 756 
20 569 796 73 539 748 569 886 420 770 527 372 153 393 367 561 919 75 469 57 364 
20 795 244 92 642 772 703 700 59 12 183 5 77 795 220 413 903 929 15 281 64 
19 286 22 941 69 117 610 872 34 454 786 659 163 226 129 709 569 222 657 261 
19 928 314 183 419 550 790 793 367 586 760 875 891 721 665 286 147 378 259 346 
29 858 256 471 870 43 63 214 150 868 363 499 236 237 487 202 200 786 692 199 595 672 611 206 553 434 769 954 886 699 
29 11 816 653 129 349 442 672 593 486 470 56 637 36 464 358 283 692 897 554 200 815 479 823 301 707 845 122 894 918 
25 524 225 224 103 738 160 736 662 630 559 539 125 108 353 579 173 448 7 42 677 960 78 208 899 738 
17 645 338 601 765 522 780 485 164 871 297 680 630 646 112 43 740 748 
23 921 624 347 96 288 114 715 488 145 191 806 83 765 93 683 341 908 561 367 155 420 384 29 
24 891 951 717 794 354 144 599 60 760 936 213 856 504 716 330 222 574 193 714 721 489 789 249 249 
17 459 951 358 131 516 791 599 940 6 15 509 450 630 835 343 901 861 
24 939 642 47 839 876 758 923 243 752 95 856 727 366 309 601 394 615 236 674 856 61 599 593 53 
16 228 586 687 461 394 901 422 152 425 923 740 578 256 426 232 79 
17 207 167 838 319 765 81 147 196 875 740 929 823 317 421 348 164 529 
24 351 747 679 890 254 312 75 946 470 110 393 79 537 764 115 742 956 208 486 569 333 93 85 439 
21 650 386 767 375 730 589 858 890 308 763 32 911 254 867 315 687 901 798 169 954 132 
21 401 756 435 658 668 229 738 420 15 691 762 676 771 774 900 196 757 898 857 936 363 
19 536 188 238 797 767 854 303 683 295 156 145 928 11 513 193 296 101 952 255 
23 798 402 593 764 766 74 148 916 727 907 13 167 573 59 543 275 464 616 722 129 576 415 217 
22 268 540 227 688 811 235 99 774 594 893 707 698 515 823 652 556 687 5 735 525 368 261 
20 265 47 13 579 466 930 560 728 479 467 351 161 241 872 626 791 54 753 504 388 
21 299 263 663 262 29 783 793 663 749 776 274 537 167 618 76 468 838 836 403 324 60 
20 397 583 726 538 701 305 401 122 740 741 383 765 286 680 42 278 511 833 369 669 
20 448 750 528 797 349 463 573 488 514 94 609 475 325 527 216 679 533 8 231 503 
21 597 26 475 381 240 60 929 476 940 101 313 417 46 863 583 482 516 882 870 70 39 
22 564 949 194 612 856 797 923 768 765 955 478 342 438 208 717 228 107 79 16 488 500 775 
17 342 917 67 207 915 397 952 307 114 212 489 239 64 777 888 774 646 
25 450 474 878 507 414 142 516 706 558 446 770 783 491 359 46 570 348 838 31 379 907 89 650 584 558 
17 503 568 205 447 462 421 931 150 695 123 430 346 775 590 905 682 268 
21 196 909 271 158 912 508 745 935 858 412 949 289 71 281 534 20 488 435 438 13 121 
18 222 181 746 874 437 707 705 734 891 396 426 735 457 463 882 876 213 390 
23 842 556 756 291 328 621 256 141 110 653 427 624 239 883 135 899 719 209 428 900 370 47 793 
19 573 926 955 534 105 146 667 811 428 601 600 83 495 210 313 899 703 359 801 
28 926 64 729 698 704 249 361 515 822 707 484 134 632 558 314 479 572 799 216 104 565 15 313 408 590 55 311 49 
26 161 553 770 152 793 167 265 619 318 638 724 539 156 131 776 194 231 15 283 350 431 917 411 286 117 366 
22 714 144 510 57 951 480 874 901 202 935 87 573 558 591 870 677 829 580 640 912 335 266 
16 360 710 739 273 153 555 588 430 647 62 649 633 918 175 583 937 
23 900 439 126 923 720 751 82 753 685 836 618 911 200 134 487 478 956 958 119 737 494 862 64 
17 179 408 51 678 601 625 498 281 506 565 142 715 12 640 222 275 810 
17 552 200 568 556 525 337 128 195 2 99 128 584 393 3 611 199 501 
22 676 178 605 145 449 387 873 875 797 150 608 558 523 904 389 248 599 394 758 202 397 629 
22 75 366 83 752 894 201 66 728 613 737 169 515 505 102 228 107 187 493 685 29 531 340 
28 251 332 934 859 759 188 658 688 403 557 641 846 28 276 800 467 769 106 795 496 160 953 895 327 358 160 118 799 
13 625 180 617 238 202 316 842 324 668 573 551 803 947 
26 358 715 220 352 49 582 622 372 783 585 752 802 770 81 145 892 480 799 139 818 794 850 822 780 715 446 
23 114 43 407 758 152 257 824 489 145 875 847 386 382 793 816 808 645 630 715 683 158 857 132 
28 750 915 959 548 714 483 416 833 344 591 835 535 750 479 892 628 283 930 214 335 192 791 618 313 320 718 23 640 
20 749 629 920 232 61 483 521 879 270 350 670 708 361 669 502 622 832 261 183 836 
21 32 13 954 541 766 772 413 774 954 659 515 498 789 452 617 687 941 392 579 169 490 
16 767 816 919 805 536 514 230 244 924 381 594 876 354 71 764 301 
23 111 280 387 356 452 706 906 163 434 717 317 165 910 155 793 412 505 679 782 609 946 349 791 
22 517 917 618 673 454 342 132 209 956 791 908 281 677 723 142 536 660 817 833 565 569 73 
15 346 943 167 505 131 63 684 479 378 219 952 539 726 860 781 
14 29 60 845 793 940 515 629 704 617 393 666 820 255 262 
17 22 728 197 703 827 538 433 273 223 542 302 498 165 921 792 836 254 
22 98 877 807 904 189 574 837 345 488 731 261 363 94 683 195 601 31 175 908 855 859 630 
12 936 842 384 798 263 720 532 451 861 254 809 159 
24 106 67 574 121 551 899 903 267 306 97 757 529 708 670 275 730 165 551 58 746 708 504 864 932 
12 804 824 29 34 737 98 852 253 610 817 314 720 
20 695 718 239 244 703 445 336 581 934 272 532 97 675 566 597 375 794 681 184 879 
14 275 174 130 38 717 472 328 290 442 637 201 212 529 805 
15 927 688 690 604 940 284 849 572 324 15 310 920 539 787 743 
32 95 106 768 934 823 859 135 129 187 82 952 781 734 477 648 873 950 247 319 400 175 413 882 605 928 131 186 744 624 301 465 145 
18 551 419 533 705 57 190 452 717 499 530 362 83 195 637 68 942 874 30 
25 524 938 896 959 921 536 529 900 594 332 271 518 537 288 206 945 244 184 641 107 515 27 422 139 416 
13 137 393 160 413 396 264 613 928 612 179 960 201 949 
17 385 464 579 673 573 895 831 59 295 630 147 498 754 713 473 605 28 
21 944 549 564 754 949 798 184 852 888 887 424 396 933 502 383 794 475 823 872 350 366 
27 707 311 685 10 185 547 836 94 735 236 347 418 208 106 479 930 609 807 580 340 237 614 800 837 452 269 278 
13 666 29 12 846 645 401 707 361 908 899 793 609 20 
24 670 844 284 871 293 617 302 374 704 335 396 700 716 389 885 194 100 408 909 392 561 209 579 392 
24 17 101 651 190 43 311 60 12 68 802 913 872 645 868 946 599 450 483 222 696 69 623 457 412 
26 873 156 26 498 680 313 420 954 244 537 599 66 8 915 577 387 208 204 746 384 727 524 122 954 19 941 
16 103 228 282 565 719 745 734 782 737 901 849 793 150 480 152 879 
31 839 349 434 811 2 590 559 117 74 899 108 567 221 768 889 6 762 462 545 589 284 225 754 926 75 298 816 472 48 851 678 
19 703 491 559 349 607 874 23 109 794 807 10 349 427 928 371 255 599 612 950 
21 563 527 120 238 34 349 734 16 331 446 507 729 481 97 843 391 166 252 314 603 666 
24 722 901 198 345 120 428 703 276 32 922 594 105 180 419 199 863 606 556 35 306 846 681 397 892 
18 286 711 345 5 958 803 245 194 853 656 50 121 702 868 269 742 426 250 
25 581 493 93 370 326 861 401 713 20 586 240 378 157 723 100 917 448 841 261 836 437 695 897 664 565 
19 643 330 340 840 417 329 326 347 926 349 386 731 882 784 328 124 229 435 250 
21 571 114 8 953 877 522 444 657 440 693 112 695 154 494 881 516 285 675 674 221 609 
23 95 295 269 815 336 144 412 153 409 62 562 300 413 407 333 634 927 435 185 418 220 943 504 
17 593 56 76 954 337 325 600 528 713 550 88 912 389 902 796 215 641 
17 674 931 667 854 795 74 726 938 853 107 240 664 445 194 800 771 170 
18 940 846 504 498 552 720 80 186 938 249 102 24 942 268 192 360 735 117 
16 956 298 150 311 890 759 414 795 725 595 356 210 369 66 141 511 
26 597 631 73 19 64 165 817 707 604 187 471 295 405 786 901 828 926 421 770 896 171 246 796 65 803 471 
25 97 162 438 198 804 40 664 205 441 575 199 561 3 711 390 494 603 174 959 202 873 356 817 397 450 
20 302 957 134 110 762 742 683 422 202 350 475 430 239 338 99 29 776 770 328 270 
18 823 541 675 273 760 211 328 866 233 683 505 369 391 411 861 668 572 10 
22 676 829 42 234 341 385 612 887 85 6 580 21 579 492 595 566 944 372 99 559 953 611 
13 591 333 20 565 747 315 913 547 828 511 364 675 859 
17 805 415 912 99 780 197 949 412 792 195 246 26 660 701 350 948 385 
18 8 347 313 280 521 866 443 898 13 825 397 141 358 619 220 635 1 886 
22 525 470 819 669 409 208 33 392 703 40 907 91 675 738 156 635 601 548 102 277 627 322 
11 299 347 703 802 600 641 433 535 225 754 663 
36 174 834 231 929 732 81 275 557 269 691 707 359 421 240 717 914 818 646 791 531 489 381 457 643 12 64 293 395 865 389 826 863 908 902 435 100 
17 276 646 879 720 603 794 267 358 372 582 153 315 407 169 209 872 150 
17 631 465 551 498 37 333 309 14 940 714 165 524 882 576 460 382 202 
20 134 810 350 243 537 444 305 323 236 850 383 161 594 622 705 822 959 423 169 540 
25 642 666 117 883 359 221 334 515 849 406 930 432 450 916 909 342 186 700 921 103 793 395 108 375 587 
14 399 82 960 205 398 180 740 231 462 435 709 729 8 823 
22 326 168 816 336 890 347 260 539 683 441 706 311 807 427 227 853 730 8 943 335 384 549 
21 491 1 198 32 423 951 95 218 827 574 833 314 373 525 571 852 47 274 646 153 78 
21 919 115 568 460 833 291 957 937 95 766 403 607 198 70 311 339 213 916 83 49 194 
18 374 120 722 264 141 396 891 897 438 265 546 522 703 804 414 467 698 326 
25 705 71 358 517 523 481 626 774 462 697 377 758 205 77 129 760 672 508 920 485 316 232 760 37 520 
18 618 391 370 439 934 380 175 399 701 95 660 935 40 382 765 464 604 794 
20 353 753 570 11 564 322 764 472 357 190 778 369 9 568 283 344 262 171 191 464 
25 403 513 791 423 811 142 100 328 936 478 921 228 380 319 306 408 870 118 804 72 671 541 841 116 860 
13 947 93 872 182 507 424 391 454 551 492 181 801 859 
29 155 828 266 242 670 551 224 258 336 329 16 625 529 693 543 684 381 717 619 805 450 43 72 425 704 329 839 759 27 
19 650 399 120 5 454 434 682 382 705 53 284 318 633 99 374 329 611 580 786 
20 269 472 183 350 94 892 396 656 949 125 618 773 671 107 826 666 195 846 98 80 
26 361 87 692 425 598 46 956 422 635 609 267 740 424 217 49 453 664 404 304 555 22 413 806 14 260 937 
13 250 236 939 83 232 640 674 250 430 482 846 15 655 
19 253 338 839 843 899 668 169 902 517 464 130 573 693 740 915 667 412 612 727 
22 7 478 300 348 172 509 502 695 54 20 600 303 93 959 940 764 659 685 616 699 219 520 
23 607 682 641 165 896 218 753 14 889 636 708 426 820 630 870 37 827 676 955 906 336 373 519 
22 713 10 246 2 28 615 466 554 678 420 143 914 409 528 595 661 359 569 506 303 12 322 
17 28 438 753 522 178 139 570 674 502 784 674 868 859 572 458 330 773 
17 444 734 48 926 819 84 616 238 756 161 114 230 77 164 740 152 420 
21 565 860 516 476 894 751 650 883 14 769 295 670 820 463 208 74 649 246 816 847 616 
24 958 821 32 63 927 119 228 741 617 414 262 935 789 811 219 555 93 289 350 837 595 745 656 456 
21 434 479 561 538 233 418 779 824 914 933 784 365 505 197 929 254 620 191 959 72 812 
17 446 199 598 948 324 752 450 789 485 420 643 794 330 762 723 96 953 
16 555 885 386 624 7 760 930 75 798 953 645 429 779 930 931 247 
17 144 804 454 624 885 433 52 830 668 42 689 433 609 545 9 605 595 
20 217 384 183 743 776 596 507 485 888 954 300 520 331 377 599 310 341 527 152 740 
22 344 16 48 931 673 710 847 487 796 39 98 71 180 81 402 356 378 437 151 264 808 822 
14 554 233 135 475 615 14 153 438 154 742 510 497 580 125 
15 316 511 248 693 542 164 143 912 382 646 830 163 374 39 174 
20 57 133 572 622 746 342 634 451 239 35 811 779 829 170 848 106 773 915 380 90 
21 474 154 720 432 623 418 850 10 635 86 928 872 234 780 469 361 651 209 219 477 334 
13 140 900 469 905 330 287 167 73 499 313 361 731 55 
16 622 71 537 295 877 281 374 876 173 208 603 819 533 175 233 440 
21 209 184 688 234 622 689 749 616 602 932 590 616 35 65 671 470 560 753 843 399 455 
18 368 708 816 342 1 840 8 390 298 403 928 175 158 287 53 247 137 636 
23 173 146 916 450 816 325 921 249 273 358 238 730 878 667 449 133 583 682 775 745 48 43 906 
14 355 222 314 868 495 246 823 349 601 31 11 693 281 178 
20 763 143 852 742 345 496 835 764 566 384 922 323 328 647 940 629 912 95 917 163 
25 758 331 942 285 445 929 46 466 530 369 83 779 752 855 610 358 942 97 20 345 312 579 623 687 72 
15 438 615 205 863 438 472 244 793 795 603 289 197 339 184 826 
20 656 41 281 661 516 237 683 683 395 768 745 439 330 164 436 350 589 119 172 570 
18 30 422 445 790 872 217 85 936 650 41 145 212 463 100 725 908 115 754 
14 616 85 538 815 619 164 746 348 547 390 337 933 791 221 
16 390 813 721 868 673 88 224 235 657 743 168 98 836 26 184 384 
24 609 196 522 358 631 89 664 682 293 184 244 642 907 613 754 87 409 855 179 450 697 956 828 300 
16 919 556 320 194 565 928 908 186 843 739 238 343 765 201 337 936 
25 270 547 358 700 460 806 244 866 305 780 823 210 952 818 281 353 150 98 930 301 781 755 225 532 79 
19 669 501 375 491 786 884 275 813 225 100 32 81 765 436 780 242 159 608 17 
25 826 625 384 437 413 257 784 355 40 761 384 127 235 584 267 158 836 822 498 764 130 759 650 70 583 
20 450 340 308 591 105 584 620 138 7 548 866 727 832 280 102 686 199 287 846 142 
20 489 664 706 4 242 909 238 806 492 690 518 568 905 629 354 471 672 750 438 310 
12 914 923 804 345 148 362 612 789 121 214 499 218 
20 550 115 45 953 536 709 217 181 743 884 690 717 903 720 491 140 494 630 675 777 
19 930 153 548 799 627 46 126 34 284 114 426 69 868 217 291 283 429 196 888 
19 621 18 391 617 50 64 693 159 897 767 568 314 262 201 844 936 776 446 466 
28 389 938 30 474 305 953 207 582 735 729 496 898 381 584 395 685 57 818 800 804 516 620 757 47 894 371 846 731 
17 483 778 571 445 903 745 920 924 653 597 850 939 819 711 931 951 297 
14 455 134 508 943 799 591 269 401 76 602 607 118 225 957 
23 425 621 955 493 184 101 634 671 436 340 764 786 281 94 587 164 267 631 616 122 601 530 184 
16 553 842 319 464 233 778 337 623 727 881 958 832 232 890 22 784 
18 258 291 664 695 709 43 389 106 359 391 820 841 661 580 19 483 13 55 
15 904 530 169 102 265 728 42 874 118 846 869 598 448 328 195 
24 795 664 391 461 155 218 237 231 775 397 942 647 647 138 947 173 821 485 71 183 552 866 581 882 
25 344 316 436 499 888 947 68 735 131 216 507 767 556 116 63 247 850 398 64 481 854 49 717 553 342 
22 531 800 775 541 233 75 234 280 951 957 926 87 387 400 166 828 958 783 624 400 890 16 
20 380 155 1 212 922 541 300 4 336 369 597 417 53 233 679 785 956 698 558 754 
27 722 898 25 854 422 490 634 128 798 576 684 504 299 214 104 936 255 226 749 113 405 223 329 124 924 336 647 
19 368 65 796 505 909 365 589 609 740 589 27 435 856 192 543 672 739 235 810 
25 757 813 220 287 640 440 888 70 10 200 624 604 859 666 210 559 66 850 689 294 237 597 85 196 803 
21 653 469 246 918 941 890 506 241 826 740 247 600 116 172 93 596 147 327 438 57 394 
19 904 37 661 274 760 774 786 938 424 708 455 743 761 166 503 546 362 419 689 
23 14 271 271 324 676 639 316 798 909 359 700 520 587 466 200 211 284 925 293 76 926 527 919 
19 651 663 88 935 713 618 433 285 75 244 16 13 130 625 924 131 441 556 180 
30 781 949 461 782 936 642 871 711 459 582 598 945 153 74 917 104 829 564 213 464 314 684 836 924 823 348 639 71 82 313 
13 70 526 810 873 172 533 718 34 169 831 621 90 513 
25 752 930 146 541 596 898 30 372 883 392 630 600 766 583 887 89 522 318 824 811 814 748 596 66 746 
21 590 846 688 281 711 187 891 262 940 773 217 675 305 874 152 762 139 750 446 38 232 
29 124 906 769 928 272 304 375 284 642 876 532 850 704 295 103 685 325 795 817 899 63 876 624 306 589 426 37 79 721 
21 384 471 432 833 879 54 395 952 403 239 76 338 777 420 422 303 75 468 909 876 30 
21 748 464 498 689 232 730 407 954 886 378 485 413 206 748 121 407 392 934 806 944 305 
15 209 394 648 716 935 874 640 244 232 37 816 30 72 39 895 
14 791 439 811 857 742 424 239 808 409 203 247 627 183 932 
25 332 365 655 740 10 925 470 402 933 778 873 496 784 683 728 352 857 239 60 652 950 60 325 178 87 
39 72 805 484 926 374 186 306 340 280 718 497 716 758 6 723 859 343 42 894 919 32 194 433 950 637 450 202 946 956 565 907 188 719 296 765 349 569 730 898 
25 939 449 172 487 168 91 301 379 854 620 627 540 313 318 88 66 616 334 356 413 785 864 259 8 418 
19 813 908 197 550 218 3 834 923 518 409 833 394 451 414 554 1 238 409 719 
20 760 720 937 865 80 639 327 941 263 316 588 325 452 531 909 66 374 111 588 471 
23 834 160 142 810 106 118 285 759 280 929 802 773 848 532 890 610 867 455 612 363 30 372 488 
20 428 715 449 489 751 681 455 550 939 922 168 223 141 226 550 797 366 359 329 821 
20 254 891 352 915 31 405 891 449 393 214 123 553 3 946 125 309 280 834 630 812 
17 801 910 699 585 184 948 631 541 944 852 66 159 632 522 726 831 62 
12 816 559 545 243 143 163 510 273 943 840 489 932 
17 328 701 426 30 658 251 20 6 727 926 581 18 394 813 276 211 180 
23 568 614 159 316 440 455 763 402 401 244 372 820 458 102 942 799 936 442 78 710 181 129 435 
21 860 355 916 187 328 122 438 387 700 658 746 556 113 612 915 674 419 257 792 611 479 
30 448 62 500 875 60 743 117 389 170 199 266 647 943 168 356 15 230 623 30 284 58 403 738 597 418 696 273 88 612 842 
28 774 816 926 699 40 622 358 243 528 333 737 442 202 416 414 842 588 863 578 778 175 693 590 164 953 626 814 116 
28 716 527 371 187 314 720 683 68 327 51 444 451 489 323 811 520 1 527 272 278 265 936 236 935 666 48 564 824 
21 759 758 457 853 153 96 784 112 917 565 398 257 106 48 114 369 202 240 458 723 909 
27 710 110 261 506 931 775 314 811 427 46 91 616 226 23 899 3 801 14 516 335 274 520 766 216 215 464 453 
20 905 830 295 169 908 408 627 270 5 668 635 876 410 621 949 377 791 96 875 840 
25 720 832 674 797 117 608 955 932 821 797 226 878 525 32 145 564 95 371 101 701 231 753 16 821 764 
16 781 63 911 236 580 954 774 436 446 135 290 47 868 652 380 447 
22 442 835 372 110 408 220 284 495 864 292 800 81 348 763 620 936 786 116 625 897 230 918 
24 232 47 838 492 21 143 10 178 247 854 917 3 452 158 104 747 704 464 451 632 276 910 371 191 
23 873 364 364 637 83 373 827 643 305 119 690 12 682 912 739 510 431 917 488 786 124 732 601 
21 795 402 331 92 813 311 554 603 192 149 511 614 301 395 867 385 874 837 849 538 496 
18 413 395 851 29 38 211 501 741 501 685 288 95 445 755 814 680 171 406 
